0.011388,-0.0277202,0.0104962,-0.00401639,0.0208474,0.0475672,0.0054405,0.0159844,0.0277249,-0.0179195,-0.0372729,-0.0216481,0.00746889,0.0189737,-0.0402963,0.00353849
-0.0192906,0.00432156,-0.0034858,0.046633,-0.0104625,-0.0362279,-0.00217558,-0.0323932,-0.0485251,0.0457407,-0.018808,-8.08214e-05,0.0320436,0.00208653,0.0488743,-0.00656841
0.0243663,0.00937048,0.0394152,-0.00478629,0.00693771,-0.0051443,-0.0388019,-0.0153374,0.0269362,-0.0260748,0.0130145,-0.0155949,0.0428989,0.0227182,0.0379435,-0.0263918
-0.0229602,-0.0155423,-0.0297587,0.0165773,-0.00177012,0.0180657,0.0341841,-0.000295268,0.0138064,-0.0346239,0.0496239,-0.00415001,0.0174626,0.0484982,0.0392816,-0.00817106
0.0078687,0.0286968,0.0370427,-0.0351936,-0.0264475,0.0482408,-0.000530986,-0.0495113,-0.0278341,-0.0375165,-0.0151063,-0.0349352,0.0352017,-0.0271628,-0.0113269,-0.0377585
0.00729499,0.00891433,0.0288188,-0.0444751,-0.02302,0.0130029,0.0052296,0.0407865,0.028379,0.00485351,-0.0133636,-0.00415837,0.00335172,-0.024082,0.0376706,-0.0387796
-0.0453852,0.0247132,-0.0239732,-0.0218327,0.022954,0.0254958,-0.0213441,0.0451199,0.0379793,0.0135496,-0.0398153,0.0231811,0.0363869,-0.00114219,0.0354225,-0.00631811
-0.0422279,0.0142413,-0.000793242,-0.0152478,-0.0227558,-0.0455636,-0.0244614,-0.0443768,0.00928987,0.0121751,0.0014648,-0.0373584,0.0380931,-0.0108646,-0.026138,0.0427079
-0.0361514,-0.000111159,-0.0291248,0.0368026,-0.0246153,-0.000468859,0.0319225,-0.036636,-0.0369192,0.0421073,0.0365451,0.0494677,-0.00903492,0.0219676,-0.00685042,-0.00126278
-0.0137911,0.0423563,0.0334894,0.0134531,0.0467927,-0.040972,0.0190763,0.00608256,0.0212031,-0.0294589,0.0187242,0.00929614,0.00967645,0.0425862,0.00200405,0.023525
-0.00752499,0.0228792,0.0103276,0.0178597,-0.0275896,-0.00774985,0.0312237,-0.0145088,-0.0156426,0.0177688,-0.0150411,0.0253225,-0.0102635,0.0281084,-0.0259403,0.0259454
0.0204648,-0.0424509,-0.0106015,0.0172575,-0.0334229,-0.0415252,-0.02666,0.0377802,-0.0209841,0.0420642,-0.0029237,0.0386924,0.0346504,0.0490803,0.0122174,-0.0228746
