0.0244751,0.0337141,-0.00707154,0.0485348,0.00965948,-0.0366068,-0.0439161,0.049058,0.0306507,-0.027339,-0.0424672,-0.0460093
-0.0395588,-0.0134513,0.0460549,0.00751751,-0.0247589,0.0307053,0.00659786,0.0374585,-0.0421693,-0.0214425,-0.0399965,-0.0471843
-0.0270726,0.0247987,0.0290245,0.00278858,0.0239513,-0.0269979,-0.0323914,-0.00157359,-0.0432838,0.010537,-0.00303876,0.0163757
0.0239303,0.00304518,0.0154337,0.00458098,0.0257062,0.0229665,0.00857172,0.0361474,-0.0404848,0.00462665,-0.00633506,-0.0152437
-0.0146681,-0.0497372,-0.0277852,-0.00683741,-0.0211797,-0.0177817,-0.00402168,0.00174768,-0.042983,-0.0249972,-0.0454637,0.0309683
-0.00199505,-0.0278551,-0.0206053,0.00472114,0.0326819,0.026356,-0.0289032,0.00661218,-0.0205989,0.0365305,-0.0388068,-0.0448926
0.00949699,0.0197649,0.0412548,0.0190122,-0.0256085,-0.0150803,-0.0462315,0.00972347,-0.0148175,-0.0240167,-0.0471139,0.0140028
0.00820163,-0.00113562,-0.0342495,0.0152186,0.0238672,-0.0297133,-0.00381306,-0.0281278,-0.00756842,0.0255817,0.0265933,-0.0248865
0.00193761,0.0476901,0.0317257,0.0313387,0.0342206,0.0429188,0.0364461,-0.00628241,0.0126837,0.0277009,-0.0372702,0.0370752
-0.0373794,-0.0335017,-0.00320128,-0.00219681,-0.00751836,-0.000315217,-0.038194,-0.0493167,0.0485492,-0.0224436,0.0159019,0.0224164
